20.0
polygon
9.80810826874,2.98802128823,13.2848413512,7.04417624624,6.79224735341,13.2848413512,2.57204029124,5.33916229740,13.2848413512,2.57204029124,0.636880279062,13.2848413512,7.04417624624,-0.816204776949,13.2848413512,9.80810826874,2.98802128823,13.2848413512,5.80810826874,2.98802128823,13.2848413512,-183.780519168,5
9.24313848538,17.4715568217,1.25136276856,6.47920646288,21.2757828869,1.25136276856,2.00707050788,19.8226978309,1.25136276856,2.00707050788,15.1204158126,1.25136276856,6.47920646288,13.6673307566,1.25136276856,9.24313848538,17.4715568217,1.25136276856,5.24313848538,17.4715568217,1.25136276856,229.836110354,5
16.2503961780,3.00362891381,13.0528533773,13.4864641555,6.80785497899,13.0528533773,9.01432820052,5.35476992298,13.0528533773,9.01432820052,0.652487904638,13.0528533773,13.4864641555,-0.800597151372,13.0528533773,16.2503961780,3.00362891381,13.0528533773,12.2503961780,3.00362891381,13.0528533773,-225.980781264,5
12.0970217805,18.5577122995,3.73269384764,9.33308975803,22.3619383647,3.73269384764,4.86095380303,20.9088533087,3.73269384764,4.86095380303,16.2065712904,3.73269384764,9.33308975803,14.7534862344,3.73269384764,12.0970217805,18.5577122995,3.73269384764,8.09702178053,18.5577122995,3.73269384764,-85.8845413183,5
4.08005660847,15.0969633062,10.5970962515,1.31612458597,18.9011893713,10.5970962515,-3.15601136903,17.4481043153,10.5970962515,-3.15601136903,12.7458222970,10.5970962515,1.31612458597,11.2927372410,10.5970962515,4.08005660847,15.0969633062,10.5970962515,0.0800566084746,15.0969633062,10.5970962515,169.401098468,5
11.0792955604,5.90209024729,12.1648348155,8.31536353787,9.70631631247,12.1648348155,3.84322758287,8.25323125646,12.1648348155,3.84322758287,3.55094923812,12.1648348155,8.31536353787,2.09786418211,12.1648348155,11.0792955604,5.90209024729,12.1648348155,7.07929556037,5.90209024729,12.1648348155,82.4843702100,5
21.5884051052,13.4632388929,0.83345321783,18.8244730827,17.2674649581,0.83345321783,14.3523371277,15.8143799021,0.83345321783,14.3523371277,11.1120978838,0.83345321783,18.8244730827,9.65901282774,0.83345321783,21.5884051052,13.4632388929,0.83345321783,17.5884051052,13.4632388929,0.83345321783,-13.7318381049,5
5.77657602692,17.5973778121,19.0950138851,3.01264400442,21.4016038772,19.0950138851,-1.45949195058,19.9485188212,19.0950138851,-1.45949195058,15.2462368029,19.0950138851,3.01264400442,13.7931517469,19.0950138851,5.77657602692,17.5973778121,19.0950138851,1.77657602692,17.5973778121,19.0950138851,-152.135738756,5
19.3700208682,15.5193391713,3.66506441564,16.6060888457,19.3235652364,3.66506441564,12.1339528907,17.8704801804,3.66506441564,12.1339528907,13.1681981621,3.66506441564,16.6060888457,11.7151131061,3.66506441564,19.3700208682,15.5193391713,3.66506441564,15.3700208682,15.5193391713,3.66506441564,-6.37480325638,5
22.8923563543,18.2566542788,7.45780210628,20.1284243318,22.0608803439,7.45780210628,15.6562883768,20.6077952879,7.45780210628,15.6562883768,15.9055132696,7.45780210628,20.1284243318,14.4524282136,7.45780210628,22.8923563543,18.2566542788,7.45780210628,18.8923563543,18.2566542788,7.45780210628,-139.264954995,5
20.9205044682,15.3645591238,11.1452699421,18.1565724457,19.1687851889,11.1452699421,13.6844364907,17.7157001329,11.1452699421,13.6844364907,13.0134181146,11.1452699421,18.1565724457,11.5603330586,11.1452699421,20.9205044682,15.3645591238,11.1452699421,16.9205044682,15.3645591238,11.1452699421,-172.649079053,5
8.92032488242,7.11460531927,13.9235272210,6.15639285992,10.9188313844,13.9235272210,1.68425690492,9.46574632844,13.9235272210,1.68425690492,4.76346431010,13.9235272210,6.15639285992,3.31037925409,13.9235272210,8.92032488242,7.11460531927,13.9235272210,4.92032488242,7.11460531927,13.9235272210,25.2367342023,5
18.4606587675,18.1220454027,8.12974102626,15.6967267450,21.9262714678,8.12974102626,11.2245907900,20.4731864118,8.12974102626,11.2245907900,15.7709043935,8.12974102626,15.6967267450,14.3178193375,8.12974102626,18.4606587675,18.1220454027,8.12974102626,14.4606587675,18.1220454027,8.12974102626,167.997531605,5
11.2323106007,11.1059457460,6.75932015082,8.46837857820,14.9101718112,6.75932015082,3.99624262320,13.4570867552,6.75932015082,3.99624262320,8.75480473682,6.75932015082,8.46837857820,7.30171968081,6.75932015082,11.2323106007,11.1059457460,6.75932015082,7.23231060070,11.1059457460,6.75932015082,184.291345567,5
15.2546513464,17.7985258978,18.1297188933,12.4907193239,21.6027519630,18.1297188933,8.01858336891,20.1496669070,18.1297188933,8.01858336891,15.4473848887,18.1297188933,12.4907193239,13.9942998326,18.1297188933,15.2546513464,17.7985258978,18.1297188933,11.2546513464,17.7985258978,18.1297188933,-264.980389112,5
23.5859868234,12.0791192404,2.99320619295,20.8220548009,15.8833453055,2.99320619295,16.3499188459,14.4302602495,2.99320619295,16.3499188459,9.72797823118,2.99320619295,20.8220548009,8.27489317517,2.99320619295,23.5859868234,12.0791192404,2.99320619295,19.5859868234,12.0791192404,2.99320619295,191.558747337,5
15.9014072329,7.36403211421,13.8121797215,13.1374752104,11.1682581794,13.8121797215,8.66533925538,9.71517312338,13.8121797215,8.66533925538,5.01289110504,13.8121797215,13.1374752104,3.55980604903,13.8121797215,15.9014072329,7.36403211421,13.8121797215,11.9014072329,7.36403211421,13.8121797215,105.907894594,5
14.6741130417,15.4914468551,10.7492521248,11.9101810192,19.2956729203,10.7492521248,7.43804506421,17.8425878643,10.7492521248,7.43804506421,13.1403058460,10.7492521248,11.9101810192,11.6872207900,10.7492521248,14.6741130417,15.4914468551,10.7492521248,10.6741130417,15.4914468551,10.7492521248,275.056902924,5
15.5111614844,7.28019782913,4.87781865704,12.7472294619,11.0844238943,4.87781865704,8.27509350691,9.63133883830,4.87781865704,8.27509350691,4.92905681996,4.87781865704,12.7472294619,3.47597176395,4.87781865704,15.5111614844,7.28019782913,4.87781865704,11.5111614844,7.28019782913,4.87781865704,261.746309194,5
13.3460880001,12.3414722359,0.00982692336334,10.5821559776,16.1456983011,0.00982692336334,6.11002002257,14.6926132451,0.00982692336334,6.11002002257,9.99033122675,0.00982692336334,10.5821559776,8.53724617074,0.00982692336334,13.3460880001,12.3414722359,0.00982692336334,9.34608800007,12.3414722359,0.00982692336334,322.244996656,5
14.6673172284,14.1331723978,2.45143972685,11.9033852059,17.9373984630,2.45143972685,7.43124925086,16.4843134070,2.45143972685,7.43124925086,11.7820313886,2.45143972685,11.9033852059,10.3289463326,2.45143972685,14.6673172284,14.1331723978,2.45143972685,10.6673172284,14.1331723978,2.45143972685,-70.8478935923,5
9.72409363844,19.3515055112,8.30570890690,6.96016161594,23.1557315764,8.30570890690,2.48802566094,21.7026465203,8.30570890690,2.48802566094,17.0003645020,8.30570890690,6.96016161594,15.5472794460,8.30570890690,9.72409363844,19.3515055112,8.30570890690,5.72409363844,19.3515055112,8.30570890690,-84.2100016902,5
6.02346802771,3.25507318841,18.3498092297,3.25953600521,7.05929925359,18.3498092297,-1.21259994979,5.60621419758,18.3498092297,-1.21259994979,0.903932179239,18.3498092297,3.25953600521,-0.549152876772,18.3498092297,6.02346802771,3.25507318841,18.3498092297,2.02346802771,3.25507318841,18.3498092297,-352.712523358,5
21.9647183237,6.72431911415,17.3964440641,19.2007863012,10.5285451793,17.3964440641,14.7286503462,9.07546012332,17.3964440641,14.7286503462,4.37317810498,17.3964440641,19.2007863012,2.92009304897,17.3964440641,21.9647183237,6.72431911415,17.3964440641,17.9647183237,6.72431911415,17.3964440641,296.660498865,5
22.2185548929,16.4196785832,16.8059982107,19.4546228704,20.2239046484,16.8059982107,14.9824869154,18.7708195924,16.8059982107,14.9824869154,14.0685375740,16.8059982107,19.4546228704,12.6154525180,16.8059982107,22.2185548929,16.4196785832,16.8059982107,18.2185548929,16.4196785832,16.8059982107,-13.4245239747,5
11.6360699049,9.30737661943,3.11242041628,8.87213788242,13.1116026846,3.11242041628,4.40000192742,11.6585176286,3.11242041628,4.40000192742,6.95623561026,3.11242041628,8.87213788242,5.50315055425,3.11242041628,11.6360699049,9.30737661943,3.11242041628,7.63606990492,9.30737661943,3.11242041628,351.478641978,5
7.99500276775,1.20161219260,3.83149906531,5.23107074525,5.00583825778,3.83149906531,0.758934790254,3.55275320177,3.83149906531,0.758934790254,-1.14952881657,3.83149906531,5.23107074525,-2.60261387258,3.83149906531,7.99500276775,1.20161219260,3.83149906531,3.99500276775,1.20161219260,3.83149906531,-99.9547197830,5
6.67895602529,16.7886648695,18.7280421713,3.91502400279,20.5928909347,18.7280421713,-0.557111952208,19.1398058787,18.7280421713,-0.557111952208,14.4375238603,18.7280421713,3.91502400279,12.9844388043,18.7280421713,6.67895602529,16.7886648695,18.7280421713,2.67895602529,16.7886648695,18.7280421713,253.280603544,5
8.44813589102,1.43630705461,6.31796554200,5.68420386852,5.24053311980,6.31796554200,1.21206791352,3.78744806378,6.31796554200,1.21206791352,-0.914833954555,6.31796554200,5.68420386852,-2.36791901057,6.31796554200,8.44813589102,1.43630705461,6.31796554200,4.44813589102,1.43630705461,6.31796554200,161.386833070,5
17.6777636047,3.77321131861,14.1542285708,14.9138315822,7.57743738379,14.1542285708,10.4416956272,6.12435232778,14.1542285708,10.4416956272,1.42207030944,14.1542285708,14.9138315822,-0.031014746572,14.1542285708,17.6777636047,3.77321131861,14.1542285708,13.6777636047,3.77321131861,14.1542285708,-294.236933806,5
13.6365908805,17.4451026835,19.4683409718,10.8726588580,21.2493287486,19.4683409718,6.40052290305,19.7962436926,19.4683409718,6.40052290305,15.0939616743,19.4683409718,10.8726588580,13.6408766183,19.4683409718,13.6365908805,17.4451026835,19.4683409718,9.63659088055,17.4451026835,19.4683409718,236.503311600,5
14.5338215207,12.5679002304,9.92402150161,11.7698894982,16.3721262956,9.92402150161,7.29775354322,14.9190412396,9.92402150161,7.29775354322,10.2167592212,9.92402150161,11.7698894982,8.76367416521,9.92402150161,14.5338215207,12.5679002304,9.92402150161,10.5338215207,12.5679002304,9.92402150161,-284.461370987,5
8.44720235607,17.8236716735,11.6605704747,5.68327033357,21.6278977387,11.6605704747,1.21113437857,20.1748126826,11.6605704747,1.21113437857,15.4725306643,11.6605704747,5.68327033357,14.0194456083,11.6605704747,8.44720235607,17.8236716735,11.6605704747,4.44720235607,17.8236716735,11.6605704747,-37.1018336701,5
7.50915845874,10.2341376067,9.97010094015,4.74522643624,14.0383636719,9.97010094015,0.273090481238,12.5852786158,9.97010094015,0.273090481238,7.88299659751,9.97010094015,4.74522643624,6.42991154150,9.97010094015,7.50915845874,10.2341376067,9.97010094015,3.50915845874,10.2341376067,9.97010094015,-270.888732577,5
18.9579559464,10.6056162341,7.31626226815,16.1940239239,14.4098422993,7.31626226815,11.7218879689,12.9567572433,7.31626226815,11.7218879689,8.25447522497,7.31626226815,16.1940239239,6.80139016896,7.31626226815,18.9579559464,10.6056162341,7.31626226815,14.9579559464,10.6056162341,7.31626226815,188.922073660,5
19.2837404737,3.50356592558,1.29606286331,16.5198084512,7.30779199076,1.29606286331,12.0476724962,5.85470693475,1.29606286331,12.0476724962,1.15242491641,1.29606286331,16.5198084512,-0.300660139599,1.29606286331,19.2837404737,3.50356592558,1.29606286331,15.2837404737,3.50356592558,1.29606286331,222.885255584,5
6.94789998292,2.99180980261,14.5682528231,4.18396796042,6.79603586779,14.5682528231,-0.288167994576,5.34295081178,14.5682528231,-0.288167994576,0.640668793441,14.5682528231,4.18396796042,-0.812416262569,14.5682528231,6.94789998292,2.99180980261,14.5682528231,2.94789998292,2.99180980261,14.5682528231,232.866049325,5
4.97466233854,10.9456439143,5.82871481489,2.21073031604,14.7498699795,5.82871481489,-2.26140563896,13.2967849235,5.82871481489,-2.26140563896,8.59450290514,5.82871481489,2.21073031604,7.14141784913,5.82871481489,4.97466233854,10.9456439143,5.82871481489,0.974662338542,10.9456439143,5.82871481489,-25.3345702106,5
16.2755182463,6.18781905038,16.9173916110,13.5115862238,9.99204511556,16.9173916110,9.03945026877,8.53896005955,16.9173916110,9.03945026877,3.83667804121,16.9173916110,13.5115862238,2.38359298520,16.9173916110,16.2755182463,6.18781905038,16.9173916110,12.2755182463,6.18781905038,16.9173916110,-316.873265883,5
10.8378557418,9.57097028171,7.00997244932,8.07392371927,13.3751963469,7.00997244932,3.60178776428,11.9221112909,7.00997244932,3.60178776428,7.21982927254,7.00997244932,8.07392371927,5.76674421653,7.00997244932,10.8378557418,9.57097028171,7.00997244932,6.83785574178,9.57097028171,7.00997244932,-273.055943856,5
10.4957514541,7.81080334491,9.69147808610,7.73181943164,11.6150294101,9.69147808610,3.25968347664,10.1619443541,9.69147808610,3.25968347664,5.45966233574,9.69147808610,7.73181943164,4.00657727973,9.69147808610,10.4957514541,7.81080334491,9.69147808610,6.49575145414,7.81080334491,9.69147808610,-16.6690049384,5
9.01639773976,12.3216664186,16.2499917523,6.25246571726,16.1258924838,16.2499917523,1.78032976226,14.6728074278,16.2499917523,1.78032976226,9.97052540943,16.2499917523,6.25246571726,8.51744035341,16.2499917523,9.01639773976,12.3216664186,16.2499917523,5.01639773976,12.3216664186,16.2499917523,-260.687308728,5
4.15005962243,12.9369147324,15.1084824312,1.38612759993,16.7411407976,15.1084824312,-3.08600835507,15.2880557416,15.1084824312,-3.08600835507,10.5857737233,15.1084824312,1.38612759993,9.13268866726,15.1084824312,4.15005962243,12.9369147324,15.1084824312,0.150059622434,12.9369147324,15.1084824312,325.827637844,5
23.6430174384,17.4364991700,1.82958360547,20.8790854159,21.2407252352,1.82958360547,16.4069494609,19.7876401792,1.82958360547,16.4069494609,15.0853581608,1.82958360547,20.8790854159,13.6322731048,1.82958360547,23.6430174384,17.4364991700,1.82958360547,19.6430174384,17.4364991700,1.82958360547,294.660403258,5
17.2326066029,4.77380549807,11.0213337329,14.4686745804,8.57803156325,11.0213337329,9.99653862543,7.12494650724,11.0213337329,9.99653862543,2.42266448890,11.0213337329,14.4686745804,0.969579432885,11.0213337329,17.2326066029,4.77380549807,11.0213337329,13.2326066029,4.77380549807,11.0213337329,-129.444269202,5
4.15558661155,14.2775655046,18.9136885360,1.39165458904,18.0817915698,18.9136885360,-3.08048136595,16.6287065138,18.9136885360,-3.08048136595,11.9264244954,18.9136885360,1.39165458904,10.4733394394,18.9136885360,4.15558661155,14.2775655046,18.9136885360,0.155586611545,14.2775655046,18.9136885360,-262.290724495,5
12.7243103573,2.46490297382,17.7605607774,9.96037833481,6.26912903900,17.7605607774,5.48824237981,4.81604398299,17.7605607774,5.48824237981,0.113761964652,17.7605607774,9.96037833481,-1.33932309136,17.7605607774,12.7243103573,2.46490297382,17.7605607774,8.72431035731,2.46490297382,17.7605607774,185.260488617,5
17.8155010828,5.98094871338,0.38448883511,15.0515690603,9.78517477856,0.38448883511,10.5794331053,8.33208972255,0.38448883511,10.5794331053,3.62980770421,0.38448883511,15.0515690603,2.17672264820,0.38448883511,17.8155010828,5.98094871338,0.38448883511,13.8155010828,5.98094871338,0.38448883511,-342.807564767,5
10.5485818943,15.1120024829,8.99917196636,7.78464987177,18.9162285481,8.99917196636,3.31251391678,17.4631434921,8.99917196636,3.31251391678,12.7608614738,8.99917196636,7.78464987177,11.3077764178,8.99917196636,10.5485818943,15.1120024829,8.99917196636,6.54858189427,15.1120024829,8.99917196636,10.8648631694,5
21.0743833636,10.1979808716,6.12615145973,18.3104513411,14.0022069368,6.12615145973,13.8383153861,12.5491218807,6.12615145973,13.8383153861,7.84683986241,6.12615145973,18.3104513411,6.39375480640,6.12615145973,21.0743833636,10.1979808716,6.12615145973,17.0743833636,10.1979808716,6.12615145973,342.213811693,5
